Particle Count : 23
xMin: 0.0225
xMax: 0.046738138
yMin: 0.00688125
yMax: 0.038254859
zMin: 0.0025
zMax: 0.023771927
Average Density : 1050.6521739130435
Average Diameter : 0.005173913043478262